1000	3.62e+01	1.086e+02	1.81e+02
1500.0	2.41e+01	7.242e+01	1.21e+02
2000.0	1.81e+01	5.431e+01	9.05e+01
2500	1.45e+01	4.345e+01	7.24e+01
3000	1.21e+01	3.621e+01	6.04e+01
3500	1.03e+01	3.104e+01	5.17e+01
4000	9.05e+00	2.716e+01	4.53e+01
4500	8.05e+00	2.414e+01	4.02e+01
5000	7.24e+00	2.173e+01	3.62e+01
6000	6.03e+00	1.810e+01	3.02e+01
7000	5.16e+00	1.550e+01	2.58e+01
8000	4.49e+00	1.350e+01	2.25e+01
9000	3.92e+00	1.188e+01	1.99e+01
10000	3.39e+00	1.044e+01	1.76e+01
11000	2.87e+00	9.089e+00	1.54e+01
12000	2.37e+00	7.784e+00	1.34e+01
13000	1.94e+00	6.564e+00	1.14e+01
14000	1.62e+00	5.516e+00	9.72e+00
15000	1.40e+00	4.695e+00	8.30e+00
