2000	0.525e-3	0.309e-3	0.239e-3
3000	0.525e-2	0.309e-2	0.239e-2
4000	0.525e-1	0.309e-1	0.239e-1
5000	0.442e+0	0.270e+0	0.214e+0
6000	0.283e+1	0.205e+1	0.175e+1
7000	0.741e+1	0.606e+1	0.545e+1
8000	0.138e+2	0.120e+2	0.111e+2
9000	0.220e+2	0.199e+2	0.188e+2
10000	0.317e+2	0.296e+2	0.284e+2
11000	0.428e+2	0.411e+2	0.399e+2
12000	0.547e+2	0.541e+2	0.533e+2
13000	0.664e+2	0.677e+2	0.677e+2
14000	0.769e+2	0.815e+2	0.825e+2
15000	0.861e+2	0.938e+2	0.965e+2
16000	0.941e+2	0.105e+3	0.109e+3
17000	0.102e+3	0.115e+3	0.120e+3
18000	0.112e+3	0.124e+3	0.131e+3
19000	0.126e+3	0.135e+3	0.142e+3
20000	0.149e+3	0.150e+3	0.154e+3
